(a)
G=
     0     1     1     0     0     0
     0     0     1     1     0     0
     0     0     0     1     0     0
     1     0     0     0     0     0
     0     0     0     0     0     1
     0     0     0     0     1     0

(b)
X =

   0.203693938456012
   0.155623445255809
   0.109209435267235
   0.198139847687611
   0.166666666666667
   0.166666666666667

(C)

从理论上：p趋向于0时，转移概率矩阵A中的元素aij都会趋向于1/n，于是方程 x=Ax的解向量中的元素应该都是1/n,在本例中，为1/6

在程序上:输出
X1 =

   0.166666666666667
   0.166666666666667
   0.166666666666667
   0.166666666666667
   0.166666666666667
   0.166666666666667